weight
196.9	
198	
195.7	
196.1	
194.2	
194.1	
194.1
193.9	
193.5	
192	
191.5	
191.9	
191.4	
191.4
191.3	
191.6	
191.1	
191.6	
190.8	
190.4	
190.7
191.3	
190.1	
189.1	
188.3	
188.4	
188.3	
188.9
188.8	
187.5	
187.5	
187.9	
185.9	
186.4	
187.1
186.1	
187.5	
188	
190.6	
187.6	
188.4	
189.6
188.7	
187.9	
188.4	
188.5	
187.2	
187.4	
187.9
188	
186.7	
185.1	
183.7	
183.9	
183.9	
182.9
183.6	
185.2	
184.8	
185.1	
183	
182.7	
184.5

calories
1766	
1264	
1931	
1618	
1501	
1622	
1927
2203	
1617	
1717	
1539	
1701	
1707	
1626
1584	
1873	
1657	
1603	
1607	
1999	
2383
1777	
1669	
1538	
1475	
1505	
1856	
1532
1400	
1389	
1328	
1350	
1360	
2533	
1500
1649	
1573	
2499	
1345	
1313	
2084	
1465
1604	
1670	
2261	
1435	
1353	
1577	
2247
1617	
1500	
1449	
1457	
1539
1341	
2000
1519	
1481	
1680	
1485	
1554	
1766	
1587




